sigma=0.045147042065067935	iSNR=0.0	SNR=3.8619997408862976
sigma=0.02538804746329474	iSNR=5.0	SNR=6.04285088923596
sigma=0.014276748254504644	iSNR=10.0	SNR=8.512319154170658
sigma=0.008028405532847144	iSNR=15.0	SNR=9.925650499232109
