sigma=0.045147042065067935	iSNR=0.0	SNR=6.364507056585733
sigma=0.02538804746329474	iSNR=5.0	SNR=8.544106565864938
sigma=0.014276748254504644	iSNR=10.0	SNR=10.011893296537764
sigma=0.008028405532847144	iSNR=15.0	SNR=9.790911002612493
