sigma=0.00799789739263068	iSNR=0.0	SNR=0.6753643692977919
sigma=0.004497548218508374	iSNR=5.0	SNR=0.5884196065014133
sigma=0.002529157225303493	iSNR=10.0	SNR=0.5257296540961386
sigma=0.0014222496256919123	iSNR=15.0	SNR=0.5423168426510989
